0	9	14	1	0	8	15	0	0	0	5	0	0	4	16	11	
0	2	0	0	3	0	0	0	0	0	0	12	0	0	0	9	
0	0	0	13	0	11	0	12	15	0	0	0	0	0	0	8	
0	0	0	8	2	0	0	0	0	0	3	0	0	0	12	5	
4	0	0	3	0	0	0	0	11	0	0	14	0	0	0	0	
1	5	6	0	11	4	10	0	0	0	12	8	0	0	0	0	
0	0	15	9	0	13	0	0	4	5	0	0	10	0	0	0	
0	0	8	0	0	5	0	14	0	2	16	6	15	1	0	0	
0	15	13	0	0	0	12	0	0	0	0	0	0	14	10	0	
0	0	0	0	0	14	0	13	7	8	0	4	0	0	0	0	
0	0	0	10	0	9	0	0	6	0	0	0	0	0	11	13	
0	0	12	0	0	3	4	5	13	0	10	15	0	8	0	0	
0	1	0	0	13	7	3	0	0	0	0	11	5	15	0	0	
0	0	0	0	0	0	6	0	0	0	8	0	0	3	7	2	
0	14	0	12	9	0	0	0	0	0	4	0	8	0	0	0	
0	4	0	0	0	0	2	0	3	6	0	0	12	0	9	14	
