0	0	0	0	8	6	0	11	0	3	0	10	0	9	0	7	
0	0	10	0	2	0	0	0	11	0	0	14	13	6	4	15	
0	11	5	2	4	0	0	0	0	1	0	13	3	12	0	0	
0	0	9	0	0	0	0	0	0	0	0	15	16	0	11	1	
14	3	15	0	0	11	0	0	0	0	12	7	0	4	0	0	
0	0	0	12	0	14	4	0	5	0	0	0	2	3	0	0	
0	0	0	4	0	0	0	0	1	8	10	0	6	0	0	0	
0	16	0	10	6	0	13	3	0	2	9	4	0	8	7	0	
2	5	3	9	0	0	0	14	4	0	0	0	0	0	0	0	
1	0	0	0	0	0	9	0	0	0	0	0	5	0	0	0	
0	0	0	0	0	0	0	0	8	16	0	0	9	0	3	13	
0	13	4	14	10	5	3	0	0	0	1	0	11	0	12	0	
7	0	2	0	0	0	0	0	9	0	14	0	0	0	10	0	
5	0	12	8	0	0	11	9	0	0	7	0	0	0	0	0	
16	0	0	15	0	0	8	2	3	13	0	12	7	0	9	6	
4	0	14	0	0	0	0	12	0	0	15	6	0	0	16	3	
