17	0	05	0	0	0	16	0	24	0	0	0	0	0	0	0	0	0	02	0	19	0	0	0	27	0	13	0	0	0	0	0	0	0	0	0	
0	22	0	0	18	0	0	0	0	32	0	09	04	0	21	03	0	12	0	10	0	0	28	0	0	0	0	08	0	15	06	0	23	25	0	31	
02	0	19	0	0	0	27	0	13	0	0	0	0	0	0	0	0	0	17	0	05	0	0	0	16	0	24	0	0	0	0	0	0	0	0	0	
0	0	0	0	0	0	04	0	21	0	0	0	16	32	24	0	09	0	0	0	0	0	0	0	06	0	23	0	0	0	27	08	13	0	15	0	
0	10	0	0	28	0	0	0	0	08	0	15	06	0	23	25	0	31	0	22	0	0	18	0	0	0	0	32	0	09	04	0	21	03	0	12	
0	0	0	0	0	0	06	0	23	0	0	0	27	08	13	0	15	0	0	0	0	0	0	0	04	0	21	0	0	0	16	32	24	0	09	0	
32	0	09	0	0	0	0	0	0	16	0	24	0	0	0	17	0	05	08	0	15	0	0	0	0	0	0	27	0	13	0	0	0	02	0	19	
0	0	0	17	0	05	0	0	0	0	0	0	03	0	12	0	0	0	0	0	0	02	0	19	0	0	0	0	0	0	25	0	31	0	0	0	
08	0	15	0	0	0	0	0	0	27	0	13	0	0	0	02	0	19	32	0	09	0	0	0	0	0	0	16	0	24	0	0	0	17	0	05	
07	0	20	0	0	0	01	0	11	0	0	0	0	0	0	16	0	24	26	0	34	0	0	0	29	0	35	0	0	0	0	0	0	27	0	13	
0	0	0	02	0	19	0	0	0	0	0	0	25	0	31	0	0	0	0	0	0	17	0	05	0	0	0	0	0	0	03	0	12	0	0	0	
26	0	34	0	0	0	29	0	35	0	0	0	0	0	0	27	0	13	07	0	20	0	0	0	01	0	11	0	0	0	0	0	0	16	0	24	
0	17	0	22	05	18	0	0	0	36	0	14	0	0	0	0	0	0	0	02	0	10	19	28	0	0	0	30	0	33	0	0	0	0	0	0	
01	0	11	16	0	24	32	0	09	0	0	0	0	36	0	0	14	0	29	0	35	27	0	13	08	0	15	0	0	0	0	30	0	0	33	0	
0	02	0	10	19	28	0	0	0	30	0	33	0	0	0	0	0	0	0	17	0	22	05	18	0	0	0	36	0	14	0	0	0	0	0	0	
0	0	0	0	0	0	0	0	0	04	0	21	0	0	0	01	0	11	0	0	0	0	0	0	0	0	0	06	0	23	0	0	0	29	0	35	
29	0	35	27	0	13	08	0	15	0	0	0	0	30	0	0	33	0	01	0	11	16	0	24	32	0	09	0	0	0	0	36	0	0	14	0	
0	0	0	0	0	0	0	0	0	04	0	21	0	0	0	01	0	11	0	0	0	0	0	0	0	0	0	06	0	23	0	0	0	29	0	35	
05	0	17	0	0	0	24	0	16	0	0	0	0	0	0	0	0	0	19	0	02	0	0	0	13	0	27	0	0	0	0	0	0	0	0	0	
0	18	0	0	22	0	0	0	0	09	0	32	21	0	04	12	0	03	0	28	0	0	10	0	0	0	0	15	0	08	23	0	06	31	0	25	
19	0	02	0	0	0	13	0	27	0	0	0	0	0	0	0	0	0	05	0	17	0	0	0	24	0	16	0	0	0	0	0	0	0	0	0	
0	0	0	0	0	0	21	0	04	0	0	0	24	09	16	0	32	0	0	0	0	0	0	0	23	0	06	0	0	0	13	15	27	0	08	0	
0	28	0	0	10	0	0	0	0	15	0	08	23	0	06	31	0	25	0	18	0	0	22	0	0	0	0	09	0	32	21	0	04	12	0	03	
0	0	0	0	0	0	23	0	06	0	0	0	13	15	27	0	08	0	0	0	0	0	0	0	21	0	04	0	0	0	24	09	16	0	32	0	
09	0	32	0	0	0	0	0	0	24	0	16	0	0	0	05	0	17	15	0	08	0	0	0	0	0	0	13	0	27	0	0	0	19	0	02	
0	0	0	05	0	17	0	0	0	0	0	0	12	0	03	0	0	0	0	0	0	19	0	02	0	0	0	0	0	0	31	0	25	0	0	0	
15	0	08	0	0	0	0	0	0	13	0	27	0	0	0	19	0	02	09	0	32	0	0	0	0	0	0	24	0	16	0	0	0	05	0	17	
20	0	07	0	0	0	11	0	01	0	0	0	0	0	0	24	0	16	34	0	26	0	0	0	35	0	29	0	0	0	0	0	0	13	0	27	
0	0	0	19	0	02	0	0	0	0	0	0	31	0	25	0	0	0	0	0	0	05	0	17	0	0	0	0	0	0	12	0	03	0	0	0	
34	0	26	0	0	0	35	0	29	0	0	0	0	0	0	13	0	27	20	0	07	0	0	0	11	0	01	0	0	0	0	0	0	24	0	16	
0	05	0	18	17	22	0	0	0	14	0	36	0	0	0	0	0	0	0	19	0	28	02	10	0	0	0	33	0	30	0	0	0	0	0	0	
11	0	01	24	0	16	09	0	32	0	0	0	0	14	0	0	36	0	35	0	29	13	0	27	15	0	08	0	0	0	0	33	0	0	30	0	
0	19	0	28	02	10	0	0	0	33	0	30	0	0	0	0	0	0	0	05	0	18	16	22	0	0	0	14	0	36	0	0	0	0	0	0	
0	0	0	0	0	0	0	0	0	21	0	04	0	0	0	11	0	01	0	0	0	0	0	0	0	0	0	23	0	06	0	0	0	35	0	29	
35	0	29	13	0	27	15	0	08	0	0	0	0	33	0	0	30	0	11	0	01	24	0	16	09	0	32	0	0	0	0	14	0	0	36	0	
0	0	0	0	0	0	0	0	0	23	0	06	0	0	0	35	0	29	0	0	0	0	0	0	0	0	0	0	0	04	0	0	0	11	0	01	