8	7	0	0	0	0	0	0	0	3	0	0	13	0	4	0	
0	5	14	0	0	0	3	10	15	9	1	0	0	6	0	0	
16	0	0	0	5	8	7	0	0	14	0	0	9	0	11	12	
0	0	4	0	0	14	6	13	0	11	10	12	0	7	0	3	
14	0	0	8	0	0	1	0	0	0	0	3	7	4	12	0	
9	0	0	0	0	6	15	12	0	0	13	14	0	3	1	0	
11	0	10	3	0	0	13	0	0	8	0	1	0	0	6	0	
6	0	0	1	14	0	4	0	0	5	0	9	11	0	0	13	
0	0	0	0	15	0	0	0	0	0	9	0	5	0	2	10	
10	1	0	0	6	0	5	0	13	15	7	16	0	0	0	0	
0	0	16	11	0	4	0	8	2	0	0	0	0	13	0	7	
0	9	0	7	1	3	0	2	6	0	8	10	16	15	14	4	
7	0	13	0	9	16	0	5	0	0	14	4	3	8	0	2	
0	0	3	0	10	0	0	0	0	0	0	0	0	16	15	0	
1	0	9	0	0	0	14	4	0	0	0	0	0	0	7	0	
0	6	8	0	3	0	0	0	10	7	0	0	0	0	0	0	
