12	9	14	1	6	0	15	10	2	13	5	7	3	4	16	11	
11	2	5	6	3	16	14	7	0	4	1	12	13	10	15	9	
10	3	7	13	4	11	5	12	15	16	6	9	1	2	14	8	
15	0	4	8	2	1	13	9	14	11	3	10	7	6	12	5	
4	10	16	3	7	6	8	15	11	1	13	14	2	9	5	12	
1	5	6	2	11	4	10	3	9	15	0	8	14	7	13	16	
14	12	15	9	16	0	1	2	4	5	7	3	10	0	8	6	
0	7	8	11	12	5	9	14	10	2	16	6	15	1	4	3	
7	0	0	4	8	2	12	6	16	3	11	5	9	14	10	1	
9	6	1	5	0	0	11	13	7	8	2	4	16	12	3	15	
3	0	2	10	15	9	7	16	6	12	0	1	4	5	11	13	
16	11	12	14	1	3	4	5	13	9	10	15	6	8	2	7	
2	1	0	16	13	7	3	8	0	14	9	11	5	15	6	4	
5	13	9	15	14	12	6	4	1	10	8	16	0	3	7	2	
6	14	3	12	9	15	16	11	5	7	4	2	8	13	1	10	
8	4	11	7	5	10	2	1	3	6	15	13	0	16	9	14	
