0	8	0	14	0	0	0	10	0	7	1	18	4	3	9	16	24	13	15	5	2	0	21	0	0	
15	0	13	16	0	0	12	0	0	25	10	0	0	0	20	9	0	0	14	11	8	3	0	7	5	
0	0	0	20	3	0	0	0	13	0	0	0	21	23	0	0	0	0	0	10	0	0	0	9	0	
0	0	0	0	7	0	16	0	0	3	15	12	0	0	14	0	25	0	0	8	0	0	23	1	11	
10	1	2	0	25	20	0	0	0	18	0	8	11	0	22	0	23	0	12	0	24	14	4	0	0	
17	0	14	8	20	0	7	0	9	4	0	0	25	0	0	23	10	24	0	0	22	0	12	0	0	
0	0	1	12	0	0	17	25	24	0	3	0	18	9	0	14	8	0	4	0	20	0	0	19	0	
3	6	7	0	0	0	0	18	21	20	22	0	12	0	8	0	0	16	0	19	25	0	24	0	0	
22	0	0	0	0	0	11	3	0	12	14	0	24	17	21	5	7	0	9	0	4	8	6	0	0	
5	0	10	24	0	14	8	6	0	0	16	20	23	7	0	0	0	0	0	0	11	0	2	17	0	
0	7	16	11	8	17	0	14	0	0	0	0	0	24	0	20	0	5	0	0	0	19	0	0	9	
9	0	0	0	21	0	0	19	18	0	0	22	0	1	16	0	0	0	25	0	0	12	0	15	24	
6	0	24	0	5	7	9	0	0	0	0	0	19	0	0	0	0	0	23	16	13	0	11	0	20	
23	14	0	19	0	0	25	0	0	0	9	11	0	5	0	0	2	7	0	0	3	0	0	0	17	
18	0	0	3	0	0	0	12	0	10	0	23	0	0	0	0	0	9	0	13	6	7	16	4	0	
0	5	11	0	23	0	0	0	0	0	0	14	3	15	13	0	0	22	21	9	0	4	17	0	8	
0	0	3	7	2	0	19	0	17	5	20	21	6	0	23	8	0	12	18	0	0	0	0	0	10	
0	0	8	0	16	9	0	22	0	0	12	0	1	0	24	25	13	15	0	0	0	0	19	2	23	
0	24	0	0	12	0	23	0	25	13	0	4	22	0	19	0	14	17	7	0	0	21	1	0	0	
0	0	18	0	6	0	0	7	20	14	0	0	16	0	0	19	1	0	11	0	15	25	3	0	13	
0	0	15	10	13	0	22	0	14	0	17	0	5	11	0	4	0	0	0	3	21	0	8	18	7	
8	18	6	0	0	3	0	0	4	0	23	0	0	22	25	12	0	0	10	0	16	0	0	0	0	
0	23	0	0	0	6	0	0	0	0	0	3	10	0	0	0	17	0	0	0	12	1	0	0	0	
21	12	0	17	19	25	2	0	0	11	13	0	0	0	1	22	0	0	16	0	0	10	20	0	15	
0	0	22	0	11	12	13	20	10	17	21	7	2	4	18	1	0	14	0	0	0	5	0	23	0	
